5025221001 1 1 0 0 1 0
5025221002 0 0 0 0 1 1
5025221003 1 1 1 1 1 0
5025221004 1 0 1 0 0 1
5025221005 0 0 1 0 0 1
5025221006 1 0 1 0 1 0
5025221007 1 1 1 0 1 1
5025221008 0 1 1 0 1 1
5025221009 1 0 1 0 0 1
5025221010 1 1 1 1 1 0
5025221011 0 1 0 0 0 0
5025221012 0 0 0 0 0 1
5025221013 0 1 0 0 0 1
5025221014 1 0 1 1 0 0
5025221015 0 0 0 0 1 0
5025221016 0 1 0 1 1 0
5025221017 0 0 1 1 1 1
5025221018 1 0 0 0 1 0
5025221019 1 0 1 1 0 0
5025221020 0 1 1 1 1 0
5025221021 0 0 1 0 1 1
5025221022 1 0 1 0 0 0
5025221023 1 0 0 0 1 1
5025221024 1 1 1 1 1 1
5025221025 1 1 1 0 1 0
5025221026 0 0 0 0 1 0
5025221027 0 1 0 1 0 1
5025221028 0 1 0 1 1 1
5025221029 0 0 1 0 0 0
5025221030 0 1 0 1 0 0
5025221031 1 0 1 1 0 0
5025221032 0 0 1 1 0 1
5025221033 0 1 1 1 0 1
5025221034 1 0 1 0 1 1
5025221035 0 1 1 0 0 1
5025221036 0 0 0 1 1 0
5025221037 1 1 1 1 1 1
5025221038 0 1 0 0 0 0
5025221039 0 0 0 1 1 0
5025221040 1 1 0 0 0 0
5025221041 0 1 0 1 0 1
5025221042 1 0 0 1 0 0
5025221043 0 1 0 0 0 0
5025221044 1 1 1 0 0 0
5025221045 1 0 0 1 1 1
5025221046 1 0 0 1 1 0
5025221047 0 0 1 1 1 0
5025221048 1 1 1 1 0 1
5025221049 0 1 0 0 1 1
5025221050 0 0 1 0 1 1
5025221051 0 1 0 0 1 1
5025221052 0 1 1 0 1 0
5025221053 0 1 1 1 1 0
5025221054 1 1 1 1 0 1
5025221055 1 1 1 0 0 1
5025221056 0 0 1 0 0 1
5025221057 0 1 0 1 1 1
5025221058 1 1 0 0 0 1
5025221059 1 0 1 0 0 0
5025221060 1 0 0 0 1 1
5025221061 1 0 1 0 0 1
5025221062 0 1 1 0 0 0
5025221063 1 1 0 1 0 0
5025221064 0 0 1 1 0 1
5025221065 0 1 1 0 0 0
5025221066 0 0 0 1 1 0
5025221067 1 1 0 1 1 0
5025221068 1 0 0 1 0 0
5025221069 1 1 0 1 1 1
5025221070 1 0 1 0 1 1
5025221071 1 0 1 1 1 1
5025221072 0 0 0 0 0 0
5025221073 1 0 1 0 0 0
5025221074 1 1 1 0 0 1
5025221075 1 0 0 0 1 0
5025221076 1 1 0 0 0 0
5025221077 1 0 0 1 1 0
5025221078 0 0 1 0 0 1
5025221079 0 0 0 1 0 1
5025221080 0 1 1 0 0 1
5025221081 0 0 1 1 1 0
5025221082 1 1 1 0 1 0
5025221083 0 0 1 0 1 1
5025221084 1 1 0 0 0 0
5025221085 0 0 1 1 1 1
5025221086 1 0 0 0 0 1
5025221087 0 1 0 1 0 1
5025221088 0 0 1 1 1 0
5025221089 0 1 1 0 1 0
5025221090 1 0 1 1 1 0
5025221091 0 0 1 0 1 0
5025221092 1 0 1 0 0 0
5025221093 1 1 0 0 0 1
5025221094 0 1 1 1 1 1
5025221095 0 0 1 0 1 0
5025221096 1 1 1 1 1 1
5025221097 1 0 0 1 1 0
5025221098 0 0 0 0 1 1
5025221099 0 1 1 1 1 1
5025221100 1 0 1 0 1 0
0