5025221001 1 0 1 0 1 1
5025221002 0 1 0 1 0 0
5025221003 1 1 1 0 1 1
5025221004 1 0 0 1 0 0
5025221005 0 1 0 0 0 1
5025221006 1 0 1 1 0 0
5025221007 1 1 1 1 0 1
5025221008 0 0 1 0 1 0
5025221009 1 1 0 0 1 1
5025221010 0 1 1 1 1 1
5025221011 1 1 1 1 1 0
5025221012 1 1 0 0 0 0
5025221013 1 1 1 0 0 1
5025221014 1 0 0 1 0 0
5025221015 1 1 0 0 1 1
5025221016 1 0 1 1 1 0
5025221017 0 1 1 0 1 0
5025221018 1 0 0 0 1 0
5025221019 0 1 0 1 1 1
5025221020 0 0 0 0 0 1
5025221021 0 0 0 1 1 0
5025221022 1 0 1 0 1 0
5025221023 0 1 1 0 0 0
5025221024 0 1 1 1 0 0
5025221025 1 0 0 1 0 1
5025221026 1 1 1 0 1 0
5025221027 1 0 1 1 1 1
5025221028 0 0 1 1 1 0
5025221029 1 1 1 1 1 0
5025221030 1 0 0 0 1 1
5025221031 1 1 0 0 1 1
5025221032 0 0 1 0 0 0
5025221033 0 1 1 1 1 0
5025221034 0 1 0 1 1 1
5025221035 0 1 0 0 1 0
5025221036 1 1 1 1 1 1
5025221037 0 1 0 1 0 0
5025221038 0 1 0 0 1 1
5025221039 1 0 0 0 0 0
5025221040 0 0 0 0 1 0
5025221041 1 1 0 0 1 1
5025221042 0 0 0 0 1 0
5025221043 1 1 1 1 0 1
5025221044 1 1 1 1 0 1
5025221045 1 1 0 0 0 0
5025221046 0 1 1 1 1 1
5025221047 0 0 0 0 0 1
5025221048 1 1 1 1 0 1
5025221049 1 1 1 1 0 0
5025221050 0 1 0 1 0 0
5025221051 1 1 0 1 1 0
5025221052 0 1 1 0 1 0
5025221053 0 0 1 0 0 1
5025221054 1 1 1 1 1 1
5025221055 1 1 0 0 1 0
5025221056 0 0 0 1 1 0
5025221057 1 0 1 1 0 1
5025221058 1 1 0 0 1 0
5025221059 0 1 0 1 1 0
5025221060 1 0 1 0 1 1
5025221061 1 1 0 1 1 1
5025221062 0 1 0 1 1 0
5025221063 0 1 1 0 0 1
5025221064 1 0 1 1 0 0
5025221065 0 0 0 1 0 1
5025221066 1 0 1 0 0 1
5025221067 0 0 1 1 1 0
5025221068 0 0 1 0 1 0
5025221069 1 0 0 0 1 1
5025221070 1 0 0 0 1 1
5025221071 0 0 0 0 1 1
5025221072 1 1 0 1 0 1
5025221073 1 1 0 0 0 0
5025221074 1 0 0 1 0 0
5025221075 0 1 0 0 1 1
5025221076 0 1 0 1 0 0
5025221077 0 0 1 0 0 1
5025221078 0 0 0 1 0 1
5025221079 0 1 0 0 1 1
5025221080 1 1 0 1 1 1
5025221081 0 1 1 1 1 0
5025221082 0 1 1 1 0 1
5025221083 1 0 1 0 1 0
5025221084 1 0 1 1 0 1
5025221085 1 0 0 1 1 1
5025221086 0 0 0 1 0 1
5025221087 0 0 1 0 0 1
5025221088 0 1 1 0 0 1
5025221089 1 1 1 0 0 1
5025221090 0 0 1 1 1 1
5025221091 1 0 0 0 0 1
5025221092 0 0 1 1 1 1
5025221093 1 0 1 0 1 0
5025221094 1 1 0 0 0 0
5025221095 1 1 0 0 1 0
5025221096 1 0 1 0 1 0
5025221097 1 1 0 0 1 0
5025221098 0 1 0 1 0 1
5025221099 0 0 0 1 0 1
5025221100 0 1 1 0 0 0
